add12u_0AF:  36.974, 19.9817 
add12u_3UT:  34.048, 21.6643 
add12u_3R0:  15.96, 9.9618 
add12u_2KC:  40.432, 27.4348 
add12u_0Z5:  56.391999, 34.4823 
add12u_0G8:  10.108, 6.2305 
add12u_0B6:  23.94, 14.6137 
add12u_50U:  55.86, 35.2106 
add12u_22J:  30.324, 20.2739 
add12u_06R:  25.27, 16.8148 
add12u_2L1:  15.162, 9.6974 
add12u_0JK:  35.378, 23.8515 
add12u_3K3:  35.378, 23.8515 
add12u_103:  46.018, 26.0643 
add12u_187:  54.264, 32.5406 
add12u_39N:  54.529999, 36.8367 
add12u_2UH:  25.27, 16.7019 
add12u_2UF:  58.254, 39.58360 
add12u_38J:  5.054, 2.8194 
add12u_0ZP:  47.614, 28.6641 
add12u_0AZ:  29.26, 18.5334 
add12u_0PX:  19.684, 11.38150 
add12u_4NT:  69.691999, 44.375 
add12u_3L3:  37.772, 24.853 
add12u_0C9:  45.486, 30.98070 
add12u_0UZ:  55.594, 35.7825 
add12u_4TF:  77.406, 47.266 
add12u_28B:  0.0, 0.0 
add12u_0LN:  54.796, 33.3575 
