sub10_1: [0.59, 0.28888888888888886, 0.4288888888888889, 0.17, 1.0, 0.515, 0.0]
sub10_15: [0.55, 0.21833333333333332, 0.40166666666666667, 0.0, 0.2875, 0.14, 0.46499999999999997]
sub10_5: [0.6263636363636363, 0.415, 0.16444444444444445, 1.0, 0.5, 0.0, 0.28222222222222226]
sub10_26: [0.355, 0.12571428571428572, 0.475, 0.21750000000000003, 0.0, 0.415, 0.538]
sub10_6: [0.63875, 0.30000000000000004, 0.09999999999999998, 0.4933333333333333, 1.0, 0.22571428571428573, 0.4]
sub10_85: [0.51, 0.28, 0.0, 1.0, 0.395, 0.14666666666666667, 0.6155555555555555]
