sub10_1: [46.018, 31.1263, 0.66, 0.5, 0.5, 1.0, 1.0]
sub10_15: [38.304, 24.3535, 0.58, 77.978515625, 7.5341796875, 15.0, 15.0]
sub10_5: [44.422, 28.9256, 0.67, 8.994140625, 2.310791015625, 5.0, 5.0]
sub10_26: [35.91, 22.4242, 0.62, 198.52734375, 11.5638427734375, 26.0, 26.0]
sub10_6: [42.56, 27.2071, 0.68, 9.99609375, 2.4990234375, 6.0, 6.0]
sub10_85: [33.516, 18.3755, 0.64, 2510.156005859375, 25, 50.0, 43.0]